d	M1,6	M2	M2,5	M3	M3,5	M4	M5	M6	M7	M8	M10	M12	M14	M16	M18	M20	M22	M24	M27	M30	M33	M36	M39	M42	M45	M48	M52
2	0.089	0	0	0	0	0	0	0	0	0	0	0	0	0	0	0	0	0	0	0	0	0	0	0	0	0	0
3	0.099	0.216	0.35	0	0	0	0	0	0	0	0	0	0	0	0	0	0	0	0	0	0	0	0	0	0	0	0
4	0.109	0.231	0.38	0.462	0	0	0	0	0	0	0	0	0	0	0	0	0	0	0	0	0	0	0	0	0	0	0
5	0.119	0.246	0.41	0.505	0.81	1.29	0	0	0	0	0	0	0	0	0	0	0	0	0	0	0	0	0	0	0	0	0
6	0.129	0.261	0.44	0.548	0.87	1.37	2.17	3.44	5.43	0	0	0	0	0	0	0	0	0	0	0	0	0	0	0	0	0	0
8	0.149	0.291	0.5	0.634	0.99	1.53	2.41	3.78	5.93	8.02	14.4	0	0	0	0	0	0	0	0	0	0	0	0	0	0	0	0
10	0.169	0.321	0.56	0.72	1.11	1.69	2.65	4.12	6.43	8.66	15.4	22.5	34	0	0	0	0	0	0	0	0	0	0	0	0	0	0
12	0.189	0.351	0.62	0.806	1.23	1.85	2.89	4.46	6.93	9.3	16.4	23.9	36	51.5	0	0	0	0	0	0	0	0	0	0	0	0	0
14	0.209	0.381	0.68	0.892	1.35	2.01	3.13	4.8	7.43	9.94	17.4	25.3	38	54.1	0	0	0	0	0	0	0	0	0	0	0	0	0
16	0.229	0.411	0.74	0.978	1.47	2.17	3.37	5.14	7.93	10.6	18.4	26.7	40	56.7	78.1	102	141	166	235	0	0	0	0	0	0	0	0
18	0	0.441	0.8	1.06	1.59	2.33	3.61	5.48	8.43	11.2	19.4	28.1	42	59.3	81.3	106	146	172	243	0	0	0	0	0	0	0	0
20	0	0.471	0.86	1.15	1.71	2.49	3.85	5.82	8.93	11.3	20.4	29.5	44	61.9	84.5	110	151	178	251	0	0	0	0	0	0	0	0
22	0	0	0.92	1.23	1.83	2.65	4.09	6.16	9.43	12.5	21.4	30.9	46	64.5	87.7	114	156	184	259	0	0	0	0	0	0	0	0
25	0	0	1.01	1.36	2.01	2.89	4.45	6.67	10.2	13.4	22.9	33	49	68.4	92.5	120	164	193	270	0	0	0	0	0	0	0	0
28	0	0	0	1.49	2.19	3.13	4.81	7.18	10.9	14.4	24.4	35.1	52	72.3	97.3	126	171	202	281	0	0	0	0	0	0	0	0
30	0	0	0	1.58	2.32	3.29	5.05	7.52	11.4	15	25.4	36.5	54	74.9	100	130	176	206	289	0	0	0	0	0	0	0	0
35	0	0	0	0	2.61	3.69	5.65	8.37	12.7	16.6	27.9	40.1	59	81.4	108	140	189	223	308	411	531	662	849	0	0	0	0
40	0	0	0	0	0	4.09	6.25	9.22	13.9	18.2	30.4	43.7	64	87.9	116	150	201	238	327	435	560	697	890	1047	1290	1555	0
45	0	0	0	0	0	4.49	6.85	10	15.2	19.8	32.9	47.3	69	94.4	125	160	214	253	346	459	589	732	931	1095	1345	1620	0
50	0	0	0	0	0	4.89	7.45	10.9	16.4	21.4	35.4	50.9	74	102	133	170	226	268	365	483	618	767	972	1142	1400	1685	2050
55	0	0	0	0	0	5.29	8.05	11.7	17.7	23	37.9	54.5	79	108	141	180	239	283	384	507	647	802	1013	1190	1455	1750	2125
60	0	0	0	0	0	5.69	8.65	12.6	18.9	24.6	40.4	58.1	84	115	149	190	251	298	403	531	676	837	1054	1237	1510	1815	2200
65	0	0	0	0	0	6.09	9.25	13.4	20.2	26.2	42.9	61.7	89	121	157	200	264	313	422	555	705	872	1095	1285	1565	1880	2275
70	0	0	0	0	0	6.49	9.85	14.3	21.4	27.8	45.4	65.3	94	128	165	210	276	328	441	579	734	907	1136	1332	1620	1945	2350
75	0	0	0	0	0	0	10.4	15.1	22.7	29.4	47.9	68.9	99	134	173	220	289	343	460	603	763	942	1177	1380	1675	2010	2425
80	0	0	0	0	0	0	11	16	23.9	31	50.4	72.5	104	141	181	230	301	358	479	627	792	977	1218	1427	1730	2075	2500
85	0	0	0	0	0	0	0	16.8	25.2	32.6	52.9	76.1	109	147	189	240	314	373	498	651	821	1012	1259	1475	1785	2140	2575
90	0	0	0	0	0	0	0	17.7	26.4	34.2	55.4	79.7	114	154	197	250	326	388	517	675	850	1047	1300	1522	1840	2205	2650
95	0	0	0	0	0	0	0	0	27.7	35.8	57.9	83.3	119	160	205	260	339	403	536	699	879	1082	1341	1570	1895	2270	2725
100	0	0	0	0	0	0	0	0	28.9	37.4	60.4	86.9	124	167	213	270	351	418	555	723	908	1117	1362	1617	1950	2305	2800
105	0	0	0	0	0	0	0	0	0	39	62.9	90.5	129	173	221	280	364	433	574	747	937	1152	1423	1665	2005	2400	2875
110	0	0	0	0	0	0	0	0	0	40.6	65.4	94.1	134	180	229	290	376	448	593	771	966	1187	1464	1712	2060	2465	2950
115	0	0	0	0	0	0	0	0	0	0	67.9	97.7	139	186	237	300	389	463	612	795	995	1222	1505	1760	2115	2530	3025
120	0	0	0	0	0	0	0	0	0	0	70.4	101	144	193	245	310	401	478	631	819	1024	1257	1546	1807	2170	2595	3100
125	0	0	0	0	0	0	0	0	0	0	72.9	105	149	199	253	320	414	493	650	843	1053	1292	1587	1855	2225	2660	3175
130	0	0	0	0	0	0	0	0	0	0	75.4	109	154	206	261	330	426	508	669	867	1082	1327	1628	1902	2280	2725	3250
140	0	0	0	0	0	0	0	0	0	0	80.4	116	164	219	277	350	451	538	707	915	1140	1397	1710	1997	2390	2855	3400
150	0	0	0	0	0	0	0	0	0	0	85.4	123	174	232	293	370	476	568	745	963	1198	1467	1792	2092	2500	2985	3550
160	0	0	0	0	0	0	0	0	0	0	0	0	0	0	309	390	501	598	783	1011	1256	1537	1874	2187	2610	3115	3700
170	0	0	0	0	0	0	0	0	0	0	0	0	0	0	325	410	526	628	821	1059	1314	1607	1956	2282	2720	3245	3850
180	0	0	0	0	0	0	0	0	0	0	0	0	0	0	341	430	551	658	859	1107	1372	1677	2038	2377	2830	3375	4000
190	0	0	0	0	0	0	0	0	0	0	0	0	0	0	357	450	576	688	897	1155	1430	1747	2120	2472	2940	3505	4150
200	0	0	0	0	0	0	0	0	0	0	0	0	0	0	374	470	601	718	935	1203	1488	1817	2202	2567	3050	3635	4300
220	0	0	0	0	0	0	0	0	0	0	0	0	0	0	0	0	0	0	0	1299	1604	1957	2366	2757	3270	3895	4600
240	0	0	0	0	0	0	0	0	0	0	0	0	0	0	0	0	0	0	0	1395	1720	2097	2530	2947	3490	4155	4900
260	0	0	0	0	0	0	0	0	0	0	0	0	0	0	0	0	0	0	0	1491	1836	2237	2694	3137	3710	4415	5200
280	0	0	0	0	0	0	0	0	0	0	0	0	0	0	0	0	0	0	0	1587	1952	2377	2858	3327	3930	4675	5500
300	0	0	0	0	0	0	0	0	0	0	0	0	0	0	0	0	0	0	0	1683	2068	2517	3022	3517	4150	4935	5800
