d	M1,6	M2	M2,5	M3	M4	M5	M6	M7	M8	M10	M12	M14	M16	M18	M20	M22	M24	M27	M30	M33	M36	M39	M42	M45	M48	M52	M56	M60	M64	M68	M72	M76	M80	M90	M100	M110	M120	M125	M130	M140	M150
12	0.234	0	0	0	0	0	0	0	0	0	0	0	0	0	0	0	0	0	0	0	0	0	0	0	0	0	0	0	0	0	0	0	0	0	0	0	0	0	0	0	0
16	0.298	0.49	0.825	0	0	0	0	0	0	0	0	0	0	0	0	0	0	0	0	0	0	0	0	0	0	0	0	0	0	0	0	0	0	0	0	0	0	0	0	0	0
20	0	0.59	0.975	1.26	0	4.03	0	0	0	0	0	0	0	0	0	0	0	0	0	0	0	0	0	0	0	0	0	0	0	0	0	0	0	0	0	0	0	0	0	0	0
22	0	0	0	0	0	4.35	0	0	0	0	0	0	0	0	0	0	0	0	0	0	0	0	0	0	0	0	0	0	0	0	0	0	0	0	0	0	0	0	0	0	0
25	0	0	1.16	1.54	3.15	4.83	7.04	10.5	12.8	0	0	0	0	0	0	0	0	0	0	0	0	0	0	0	0	0	0	0	0	0	0	0	0	0	0	0	0	0	0	0	0
28	0	0	0	0	0	5.31	7.67	11.4	14.3	0	0	0	0	0	0	0	0	0	0	0	0	0	0	0	0	0	0	0	0	0	0	0	0	0	0	0	0	0	0	0	0
30	0	0	0	1.8	3.65	5.63	8.05	12	15.3	0	0	0	0	0	0	0	0	0	0	0	0	0	0	0	0	0	0	0	0	0	0	0	0	0	0	0	0	0	0	0	0
35	0	0	0	0	4.15	6.43	9.1	13.5	17.8	29	0	0	0	0	0	0	0	0	0	0	0	0	0	0	0	0	0	0	0	0	0	0	0	0	0	0	0	0	0	0	0
40	0	0	0	0	4.65	7.23	10.2	15	20.3	32	45.6	0	0	0	0	0	0	0	0	0	0	0	0	0	0	0	0	0	0	0	0	0	0	0	0	0	0	0	0	0	0
45	0	0	0	0	0	8.03	11.2	16.5	22.3	35.1	50.1	73.2	0	0	0	0	0	0	0	0	0	0	0	0	0	0	0	0	0	0	0	0	0	0	0	0	0	0	0	0	0
50	0	0	0	0	0	8.83	12.3	18	24.3	38.2	54.6	78.9	105	0	0	0	0	0	0	0	0	0	0	0	0	0	0	0	0	0	0	0	0	0	0	0	0	0	0	0	0
55	0	0	0	0	0	9.63	13.3	19.5	26.3	41.3	59.1	84.6	113	146	0	0	0	0	0	0	0	0	0	0	0	0	0	0	0	0	0	0	0	0	0	0	0	0	0	0	0
60	0	0	0	0	0	10.4	14.4	21	28.3	44.4	63.6	90.3	121	156	201	0	0	0	0	0	0	0	0	0	0	0	0	0	0	0	0	0	0	0	0	0	0	0	0	0	0
65	0	0	0	0	0	11.2	15.4	22.5	30.3	47.5	68.1	96	129	166	213	274	0	0	0	0	0	0	0	0	0	0	0	0	0	0	0	0	0	0	0	0	0	0	0	0	0
70	0	0	0	0	0	12	16.5	24	32.3	50.6	72.6	102	137	176	225	289	342	0	0	0	0	0	0	0	0	0	0	0	0	0	0	0	0	0	0	0	0	0	0	0	0
75	0	0	0	0	0	12.9	17.5	25.5	34.3	53.7	77.1	107	145	186	237	304	360	401	0	0	0	0	0	0	0	0	0	0	0	0	0	0	0	0	0	0	0	0	0	0	0
80	0	0	0	0	0	13.6	18.6	27	36.3	56.8	81.6	113	153	196	249	319	377	504	643	0	0	0	0	0	0	0	0	0	0	0	0	0	0	0	0	0	0	0	0	0	0
85	0	0	0	0	0	0	19.6	28.5	38.3	59.9	86.1	119	161	206	261	334	395	527	671	840	0	0	0	0	0	0	0	0	0	0	0	0	0	0	0	0	0	0	0	0	0
90	0	0	0	0	0	0	20.7	30	40.3	63	90.6	124	169	216	273	349	412	550	699	873	0	0	0	0	0	0	0	0	0	0	0	0	0	0	0	0	0	0	0	0	0
95	0	0	0	0	0	0	0	31.5	42.3	66.1	95.1	130	177	226	285	364	430	573	727	906	1104	0	0	0	0	0	0	0	0	0	0	0	0	0	0	0	0	0	0	0	0
100	0	0	0	0	0	0	0	33	44.3	69.2	99.6	136	185	236	297	379	447	596	755	939	1144	1410	0	0	0	0	0	0	0	0	0	0	0	0	0	0	0	0	0	0	0
105	0	0	0	0	0	0	0	34.5	46.3	72.3	104	142	193	246	309	394	465	619	783	972	1184	1460	0	0	0	0	0	0	0	0	0	0	0	0	0	0	0	0	0	0	0
110	0	0	0	0	0	0	0	36	48.3	75.4	108	147	201	256	321	409	482	642	811	1005	1224	1500	1760	0	0	0	0	0	0	0	0	0	0	0	0	0	0	0	0	0	0
115	0	0	0	0	0	0	0	0	0	78.5	113	153	209	266	333	424	500	665	839	1038	1264	1550	1810	0	0	0	0	0	0	0	0	0	0	0	0	0	0	0	0	0	0
120	0	0	0	0	0	0	0	0	0	81.6	117	159	217	276	345	439	517	688	867	1071	1304	1600	1860	2230	0	0	0	0	0	0	0	0	0	0	0	0	0	0	0	0	0
125	0	0	0	0	0	0	0	0	0	84.7	121	164	225	286	357	454	535	711	893	1104	1344	1650	1910	2290	0	0	0	0	0	0	0	0	0	0	0	0	0	0	0	0	0
130	0	0	0	0	0	0	0	0	0	87.8	126	170	233	296	369	469	552	734	923	1137	1384	1690	1960	2350	2740	0	0	0	0	0	0	0	0	0	0	0	0	0	0	0	0
140	0	0	0	0	0	0	0	0	0	94	135	182	249	316	393	499	587	780	979	1203	1464	1790	2070	2470	2880	3370	4110	4830	5580	6360	7350	8680	9360	0	0	0	0	0	0	0	0
150	0	0	0	0	0	0	0	0	0	100	144	193	265	336	417	529	622	826	1035	1269	1544	1870	2180	2590	3020	3540	4300	5050	5830	6650	7670	8730	9760	0	0	0	0	0	0	0	0
160	0	0	0	0	0	0	0	0	0	106	153	204	281	356	441	559	657	872	1091	1335	1624	1960	2290	2710	3160	3710	4490	5270	6080	6940	7990	9080	10160	13620	17900	21900	0	0	0	0	0
170	0	0	0	0	0	0	0	0	0	0	162	216	297	376	465	589	692	918	1147	1401	1704	2060	2400	2830	3300	3880	4680	5490	6330	7230	8310	9430	10560	14120	18500	22700	0	0	0	0	0
180	0	0	0	0	0	0	0	0	0	0	171	227	313	396	489	619	727	964	1203	1467	1784	2150	2500	2950	3440	4050	4870	5710	6580	7520	8630	9780	10960	14620	19100	23400	0	0	0	0	0
190	0	0	0	0	0	0	0	0	0	0	0	239	329	416	513	649	762	1010	1259	1533	1864	2240	2610	3070	3580	4220	5060	5930	6830	7810	8950	10130	11360	15120	19700	24200	0	0	0	0	0
200	0	0	0	0	0	0	0	0	0	0	0	250	345	436	537	679	797	1056	1315	1599	1944	2340	2720	3190	3720	4390	5250	6150	7080	8100	9270	10480	11760	15620	20300	24900	31500	34200	38300	45600	52900
220	0	0	0	0	0	0	0	0	0	0	0	0	377	476	585	739	867	1148	1427	1731	2104	2530	2940	3430	4000	4730	5630	6590	7580	8680	9910	11180	12560	16620	21500	25700	33300	36100	40300	47800	55700
240	0	0	0	0	0	0	0	0	0	0	0	0	409	516	633	799	937	1240	1539	1863	2264	2720	3160	3670	4280	5070	6010	7030	8080	9260	10550	11880	13360	17620	22700	27200	35100	38000	42300	50000	58500
260	0	0	0	0	0	0	0	0	0	0	0	0	0	0	0	0	0	0	1651	1995	2424	2900	3380	3910	4560	5410	6390	7470	8580	9840	11190	12580	14160	18620	23900	28700	36900	39900	44300	52200	61300
280	0	0	0	0	0	0	0	0	0	0	0	0	0	0	0	0	0	0	1763	2127	2584	3090	3600	4150	4840	5750	6770	7910	9080	10420	11830	13280	14960	19620	25100	30200	38700	41800	46300	54400	64100
300	0	0	0	0	0	0	0	0	0	0	0	0	0	0	0	0	0	0	1875	2259	2744	3280	3820	4390	5120	6090	7150	8350	9580	11000	12470	13980	15760	20620	26300	31700	40500	43700	48300	56600	66900
320	0	0	0	0	0	0	0	0	0	0	0	0	0	0	0	0	0	0	0	0	0	0	0	0	0	0	0	0	10080	11580	13110	14680	16560	21620	27500	33200	42300	45600	50300	58800	69700
340	0	0	0	0	0	0	0	0	0	0	0	0	0	0	0	0	0	0	0	0	0	0	0	0	0	0	0	0	10580	12160	13750	15380	17360	22620	28700	34700	44100	47500	52300	61000	72500
360	0	0	0	0	0	0	0	0	0	0	0	0	0	0	0	0	0	0	0	0	0	0	0	0	0	0	0	0	11080	12740	14390	16080	18160	23620	29900	36200	45900	49400	54300	63200	75300
380	0	0	0	0	0	0	0	0	0	0	0	0	0	0	0	0	0	0	0	0	0	0	0	0	0	0	0	0	0	0	15030	16780	18960	24620	31100	37700	47700	51300	56300	65400	78100
400	0	0	0	0	0	0	0	0	0	0	0	0	0	0	0	0	0	0	0	0	0	0	0	0	0	0	0	0	0	0	15670	17480	19760	25620	32300	39200	49500	53200	58300	67600	80900
420	0	0	0	0	0	0	0	0	0	0	0	0	0	0	0	0	0	0	0	0	0	0	0	0	0	0	0	0	0	0	0	0	20560	26620	33500	40700	51300	55100	60300	69800	83700
440	0	0	0	0	0	0	0	0	0	0	0	0	0	0	0	0	0	0	0	0	0	0	0	0	0	0	0	0	0	0	0	0	21360	27620	34700	42200	53100	57000	62300	72000	86500
460	0	0	0	0	0	0	0	0	0	0	0	0	0	0	0	0	0	0	0	0	0	0	0	0	0	0	0	0	0	0	0	0	22160	28620	35900	43700	54900	58900	64300	74200	89300
480	0	0	0	0	0	0	0	0	0	0	0	0	0	0	0	0	0	0	0	0	0	0	0	0	0	0	0	0	0	0	0	0	22960	29620	37100	45200	56700	60800	66300	76400	92100
500	0	0	0	0	0	0	0	0	0	0	0	0	0	0	0	0	0	0	0	0	0	0	0	0	0	0	0	0	0	0	0	0	23760	30620	38300	46700	58500	62700	68300	78600	94900
